{
 "cells": [
  {
   "cell_type": "markdown",
   "id": "6f81f8cb",
   "metadata": {},
   "source": [
    "<a>https://builtin.com/data-science/step-step-explanation-principal-component-analysis<a/>"
   ]
  },
  {
   "cell_type": "code",
   "execution_count": 1,
   "id": "0a7be825",
   "metadata": {},
   "outputs": [],
   "source": [
    "import os\n",
    "import tensorflow as tf\n",
    "import numpy as np\n",
    "import itertools\n",
    "import matplotlib.pyplot as plt\n",
    "import gc\n",
    "from datetime import datetime\n",
    "from sklearn.utils import shuffle\n",
    "from sklearn.preprocessing import StandardScaler\n",
    "from sklearn.preprocessing import MinMaxScaler\n",
    "from sklearn.model_selection import train_test_split\n",
    "from tensorflow import keras\n",
    "from tensorflow.keras import layers\n",
    "from sklearn.metrics import confusion_matrix"
   ]
  },
  {
   "cell_type": "code",
   "execution_count": 2,
   "id": "7af5a1f8",
   "metadata": {},
   "outputs": [
    {
     "name": "stdout",
     "output_type": "stream",
     "text": [
      "286191 758334\n"
     ]
    }
   ],
   "source": [
    "input_label = []\n",
    "output_label = []\n",
    "a,b = 0,0\n",
    "ficheiro = open(\"..\\\\DatasetTratado\\\\02-03-2018.csv\", \"r\")\n",
    "nome_label = ficheiro.readline().split(\",\")\n",
    "ficheiro.readline()\n",
    "ficheiro.readline()\n",
    "linha = ficheiro.readline()\n",
    "while(linha != \"\"):\n",
    "    linha = linha.split(\",\")\n",
    "    out = linha.pop(37)\n",
    "    if(out == \"Benign\"): \n",
    "        out = 0\n",
    "        b += 1\n",
    "    else: \n",
    "        out = 1\n",
    "        a += 1\n",
    "    output_label.append(out)\n",
    "    input_label.append(linha)\n",
    "    linha = ficheiro.readline()\n",
    "ficheiro.close()\n",
    "print(str(a) + \" \" + str(b))"
   ]
  },
  {
   "cell_type": "code",
   "execution_count": 3,
   "id": "6e623c72",
   "metadata": {},
   "outputs": [],
   "source": [
    "backup_input_label = input_label[:]\n",
    "backup_output_label = output_label[:]"
   ]
  },
  {
   "cell_type": "code",
   "execution_count": null,
   "id": "b2e7f34f",
   "metadata": {},
   "outputs": [],
   "source": [
    "input_label = backup_input_label[:]\n",
    "output_label = backup_output_label[:]"
   ]
  },
  {
   "cell_type": "markdown",
   "id": "f0113f7b",
   "metadata": {},
   "source": [
    "## STEP 1: \"STANDARDIZATION\""
   ]
  },
  {
   "cell_type": "code",
   "execution_count": 4,
   "id": "bfc4fd95",
   "metadata": {},
   "outputs": [],
   "source": [
    "scaler = MinMaxScaler(feature_range=(0,1))\n",
    "scaler.fit(input_label)\n",
    "input_label = scaler.transform(input_label)"
   ]
  },
  {
   "cell_type": "markdown",
   "id": "57431585",
   "metadata": {},
   "source": [
    "## STEP 2: COVARIANCE MATRIX COMPUTATION"
   ]
  },
  {
   "cell_type": "code",
   "execution_count": 5,
   "id": "d10aa830",
   "metadata": {},
   "outputs": [],
   "source": [
    "def media(X):\n",
    "    t = 0\n",
    "    for x in X:t += x\n",
    "    return t / len(X)"
   ]
  },
  {
   "cell_type": "code",
   "execution_count": 6,
   "id": "1d6bd68e",
   "metadata": {},
   "outputs": [],
   "source": [
    "def calculoCovariancia(x, y):\n",
    "    n = len(x);\n",
    "    media_x = media(x)\n",
    "    media_y = media(y)\n",
    "    t = 0\n",
    "    for i in range(n):\n",
    "        t += ((x[i] - media_x)*(y[i] - media_y))\n",
    "    return t / n"
   ]
  },
  {
   "cell_type": "code",
   "execution_count": 9,
   "id": "7b8964d0",
   "metadata": {},
   "outputs": [],
   "source": [
    "n = len(input_label[0])\n",
    "cov_matriz = [] \n",
    "for x in range(n):\n",
    "    cov_matriz.append([])\n",
    "    for y in range(n):\n",
    "        cov_matriz[x].append(calculoCovariancia(input_label[x], input_label[y]))"
   ]
  },
  {
   "cell_type": "code",
   "execution_count": 10,
   "id": "b35f5c21",
   "metadata": {},
   "outputs": [
    {
     "data": {
      "text/plain": [
       "[[0.06774362168324388,\n",
       "  -0.0018580489135721133,\n",
       "  0.0694140432956416,\n",
       "  0.0016448701751882483,\n",
       "  0.06729843296552253,\n",
       "  0.0016516442105820022,\n",
       "  0.03620352639950546,\n",
       "  0.0006410866864954046,\n",
       "  0.06745339642109391,\n",
       "  0.001910733351181166,\n",
       "  0.01430736723563704,\n",
       "  0.06072603253596544,\n",
       "  0.0007290302368630771,\n",
       "  -0.0062518632761404055,\n",
       "  0.059199752078489945,\n",
       "  0.06018917550635274,\n",
       "  0.04632464992841637,\n",
       "  0.03886023974158621,\n",
       "  0.06383990926603153,\n",
       "  -0.0008073980187131501,\n",
       "  0.0005889211671976477,\n",
       "  -0.006146571534633795,\n",
       "  -0.0011845688395554544,\n",
       "  -0.001192906462358282,\n",
       "  0.014303639154696929,\n",
       "  0.014311567588033317,\n",
       "  0.06916796273288126,\n",
       "  -0.0018607617906102652,\n",
       "  0.06916650525906966,\n",
       "  -0.001871182862084565,\n",
       "  0.0691655814783516,\n",
       "  0.0005243356714730681,\n",
       "  0.06774676527508633,\n",
       "  -0.001848871598684163,\n",
       "  0.06630827710064018,\n",
       "  -0.0018491352008329154,\n",
       "  0.06630381629870323,\n",
       "  -0.001856315904503356,\n",
       "  0.06700026266667564,\n",
       "  -0.0018560390269817223,\n",
       "  0.005423664824765491,\n",
       "  0.06778660609631973,\n",
       "  0.0016559487053331866,\n",
       "  0.06660473403469548,\n",
       "  0.0021220041824276106,\n",
       "  0.06630736782890082,\n",
       "  0.06630300976558082,\n",
       "  0.05501293753370115,\n",
       "  0.0016557557091645043,\n",
       "  -0.0018546574059720338,\n",
       "  -0.0018557600243098405,\n",
       "  0.06885579557274996,\n",
       "  0.001911697770139792,\n",
       "  0.06618275095162182,\n",
       "  0.0021125824807584864,\n",
       "  0.06732189716468184,\n",
       "  0.00163415559962931,\n",
       "  0.06726781922285462,\n",
       "  0.0016454877913769277,\n",
       "  0.06924230286755949,\n",
       "  0.0016441848407831856,\n",
       "  0.06630724244938818,\n",
       "  -0.001856398634428475,\n",
       "  -0.005902179003409577,\n",
       "  0.061565725349088836,\n",
       "  0.0016485896271509913,\n",
       "  0.06156564935094755,\n",
       "  0.001623491370891185,\n",
       "  0.014304256217785086,\n",
       "  0.014313800300597238,\n",
       "  -0.006146606005846134,\n",
       "  0.014315052399963588,\n",
       "  0.06520993062195825,\n",
       "  0.046473984866165025,\n",
       "  0.058986590013301914,\n",
       "  -0.0005493916198732327,\n",
       "  0.04498805191742647,\n",
       "  0.044975621042804094],\n",
       " [-0.0018580489135721133,\n",
       "  0.04644349784784574,\n",
       "  -0.002426927603992192,\n",
       "  0.01571204752257978,\n",
       "  -0.0020637170558447477,\n",
       "  0.01571562182362107,\n",
       "  0.0006018304441364503,\n",
       "  0.022425393053817345,\n",
       "  -0.0025145276488475273,\n",
       "  0.01565988426501345,\n",
       "  0.0027009649508069286,\n",
       "  -0.0035111857309663187,\n",
       "  0.022081684070422252,\n",
       "  -0.003423255928505219,\n",
       "  -0.004066491023794797,\n",
       "  -0.00351168248649275,\n",
       "  -0.0030898400269680376,\n",
       "  -0.0024982638453802243,\n",
       "  -0.008285783688459376,\n",
       "  0.03970106322998364,\n",
       "  0.02240769864302707,\n",
       "  -0.0014543876773519544,\n",
       "  0.014101643638742497,\n",
       "  0.014097034266661623,\n",
       "  0.002698922951210971,\n",
       "  0.002703266042054344,\n",
       "  -0.00210500784207135,\n",
       "  0.04644974364475729,\n",
       "  -0.002105800861083,\n",
       "  0.04644446550581194,\n",
       "  -0.002106307508549079,\n",
       "  0.022382283720477777,\n",
       "  -0.0018579742161972158,\n",
       "  0.046455459471929424,\n",
       "  -0.0016436407588121733,\n",
       "  0.04645460412274042,\n",
       "  -0.0016401797904048799,\n",
       "  0.046452462994757485,\n",
       "  -0.0017453596709236284,\n",
       "  0.046453275642015214,\n",
       "  0.004322360060572332,\n",
       "  -0.0021395398141463014,\n",
       "  0.01566440764827995,\n",
       "  -0.002400733760900497,\n",
       "  0.015633767391679373,\n",
       "  -0.0016375264032478388,\n",
       "  -0.001637428588062651,\n",
       "  -0.0008243217219573803,\n",
       "  0.015664346287915437,\n",
       "  0.046454847435891754,\n",
       "  0.04645439145839646,\n",
       "  -0.0024747624417389147,\n",
       "  0.01566039759211535,\n",
       "  -0.0023735862737628228,\n",
       "  0.015628890599383122,\n",
       "  -0.00198761735031854,\n",
       "  0.015705784100895855,\n",
       "  -0.00232503805536422,\n",
       "  0.015712406187217167,\n",
       "  -0.0033255582949484616,\n",
       "  0.015711692406914526,\n",
       "  -0.0016398700620496125,\n",
       "  0.04645522307976852,\n",
       "  -0.0032290875956510912,\n",
       "  -0.002803053825585741,\n",
       "  0.015660594459048972,\n",
       "  -0.0028030954011734866,\n",
       "  0.01564758901096197,\n",
       "  0.002699260953877248,\n",
       "  0.002704489155905709,\n",
       "  -0.0014544065171503806,\n",
       "  0.002705175095024693,\n",
       "  -0.004447263417289998,\n",
       "  -0.003064820861536144,\n",
       "  -0.004082508944707404,\n",
       "  0.021631386974781088,\n",
       "  -0.002946597034496317,\n",
       "  -0.002951151717514304],\n",
       " [0.0694140432956416,\n",
       "  -0.002426927603992192,\n",
       "  0.07217099053355248,\n",
       "  0.001374459355974816,\n",
       "  0.06934225565304122,\n",
       "  0.0013819491392878065,\n",
       "  0.03558992574256869,\n",
       "  0.0002581755926106892,\n",
       "  0.07007650378198822,\n",
       "  0.0017064127092775445,\n",
       "  0.014022908630700671,\n",
       "  0.06139430643097088,\n",
       "  0.0002787402025904899,\n",
       "  -0.006872664080462128,\n",
       "  0.05948661456704539,\n",
       "  0.060536604978536156,\n",
       "  0.046073759871225826,\n",
       "  0.038244478945919834,\n",
       "  0.06804778294946771,\n",
       "  -0.0012385428349609526,\n",
       "  0.00020258002340254767,\n",
       "  -0.007204664577201931,\n",
       "  -0.0017267939735748894,\n",
       "  -0.001734145976871434,\n",
       "  0.014018807558051037,\n",
       "  0.014027528208470296,\n",
       "  0.0712483842642392,\n",
       "  -0.0024296946266691897,\n",
       "  0.07124708668156524,\n",
       "  -0.0024411971076334195,\n",
       "  0.07124607388389857,\n",
       "  0.00013153900790847578,\n",
       "  0.06942112630269974,\n",
       "  -0.0024168017088052377,\n",
       "  0.06764616822523051,\n",
       "  -0.002417403453179094,\n",
       "  0.06763831801250915,\n",
       "  -0.002425129181833241,\n",
       "  0.06848623566267573,\n",
       "  -0.0024248522471629354,\n",
       "  0.005541378664039221,\n",
       "  0.06979905179702672,\n",
       "  0.001386736743237053,\n",
       "  0.06927765029564496,\n",
       "  0.0019674729652309933,\n",
       "  0.0676361610954725,\n",
       "  0.06763092789677524,\n",
       "  0.0559090947833937,\n",
       "  0.001386531324659547,\n",
       "  -0.0024233061763054334,\n",
       "  -0.0024245197219181468,\n",
       "  0.07168647913778246,\n",
       "  0.0017074797515682712,\n",
       "  0.06869441810205792,\n",
       "  0.001957075513629206,\n",
       "  0.06896668120524739,\n",
       "  0.0013627132243815264,\n",
       "  0.0694320651928659,\n",
       "  0.0013751486805482639,\n",
       "  0.0722705641771858,\n",
       "  0.0013737028934359778,\n",
       "  0.06764066720443525,\n",
       "  -0.0024252240937073055,\n",
       "  -0.006492008651746297,\n",
       "  0.06216125138113316,\n",
       "  0.0013786138933572644,\n",
       "  0.06216116779668388,\n",
       "  0.0013509108354741151,\n",
       "  0.014019486313417123,\n",
       "  0.014029983984411604,\n",
       "  -0.007204702520878592,\n",
       "  0.014031361185688792,\n",
       "  0.06750648454740654,\n",
       "  0.04623465832155591,\n",
       "  0.05934737333517909,\n",
       "  -0.001015768752259683,\n",
       "  0.044704505571240394,\n",
       "  0.04468854708017098],\n",
       " [0.0016448701751882483,\n",
       "  0.01571204752257978,\n",
       "  0.001374459355974816,\n",
       "  0.016518388420325315,\n",
       "  0.0015162408434486283,\n",
       "  0.016519529206092863,\n",
       "  0.0028370007116103346,\n",
       "  0.01635537433414458,\n",
       "  0.001273158919637064,\n",
       "  0.01648804795313843,\n",
       "  0.0036284907020291027,\n",
       "  0.0010021700344959492,\n",
       "  0.01624096589539129,\n",
       "  -0.0013240709755290908,\n",
       "  0.0008086339979953827,\n",
       "  0.00103737321014917,\n",
       "  0.0012689449183771182,\n",
       "  0.0015583635285774423,\n",
       "  -0.0009307501946606022,\n",
       "  0.015861799291969528,\n",
       "  0.016350083415018913,\n",
       "  0.002839799795999541,\n",
       "  0.015914963146735985,\n",
       "  0.015913177610284907,\n",
       "  0.0036277008053841662,\n",
       "  0.0036293808857836675,\n",
       "  0.0015364232363129131,\n",
       "  0.015711978120366094,\n",
       "  0.0015361137250249816,\n",
       "  0.015710133792229755,\n",
       "  0.0015359175498641025,\n",
       "  0.016339836938853245,\n",
       "  0.0016444870760587405,\n",
       "  0.01571365807568947,\n",
       "  0.001741700245321623,\n",
       "  0.01571306488781195,\n",
       "  0.0017433070740901853,\n",
       "  0.015711853068379782,\n",
       "  0.0016974863970550809,\n",
       "  0.01571219819534403,\n",
       "  0.005072755629895989,\n",
       "  0.0015026589027443882,\n",
       "  0.016520177527135204,\n",
       "  0.001360783197659228,\n",
       "  0.016470008438205706,\n",
       "  0.0017450473915129393,\n",
       "  0.0017451127108118207,\n",
       "  0.0020929614843326087,\n",
       "  0.016520158421345358,\n",
       "  0.01571221512256659,\n",
       "  0.015711982566830384,\n",
       "  0.0013261449321326872,\n",
       "  0.01648821298427543,\n",
       "  0.0013749827696218912,\n",
       "  0.01646843962051128,\n",
       "  0.0015900391695836953,\n",
       "  0.01651546001200539,\n",
       "  0.0013923947029115947,\n",
       "  0.01651850329777718,\n",
       "  0.001003698880678635,\n",
       "  0.016518275136786057,\n",
       "  0.0017436118218660719,\n",
       "  0.015711855820663687,\n",
       "  -0.0012489701656087733,\n",
       "  0.001301761606588008,\n",
       "  0.016518961128700826,\n",
       "  0.0013017455256942793,\n",
       "  0.016514811773848274,\n",
       "  0.003627831551937032,\n",
       "  0.0036298540908170727,\n",
       "  0.0028397925090461627,\n",
       "  0.0036301194927527017,\n",
       "  0.0005612697824201216,\n",
       "  0.0012793500098045856,\n",
       "  0.000792023684924338,\n",
       "  0.016084849429169035,\n",
       "  0.0013336630941687697,\n",
       "  0.0013321769769975942],\n",
       " [0.06729843296552253,\n",
       "  -0.0020637170558447477,\n",
       "  0.06934225565304122,\n",
       "  0.0015162408434486283,\n",
       "  0.06759916460733709,\n",
       "  0.0015233557971511833,\n",
       "  0.03595513095317641,\n",
       "  0.00045894355051196236,\n",
       "  0.0687691049713671,\n",
       "  0.0018613490384427472,\n",
       "  0.014183997968063716,\n",
       "  0.06089101660311686,\n",
       "  0.0005148490388143526,\n",
       "  -0.006532134186913783,\n",
       "  0.05896716185078006,\n",
       "  0.05984744767095549,\n",
       "  0.0464373921909842,\n",
       "  0.038808649938549836,\n",
       "  0.06306387067370026,\n",
       "  -0.0009397536047818344,\n",
       "  0.0004051432196445408,\n",
       "  -0.0066364428821555,\n",
       "  -0.0014300819748831386,\n",
       "  -0.0014369717649383783,\n",
       "  0.014180100748527266,\n",
       "  0.014188387926163433,\n",
       "  0.06868851462926273,\n",
       "  -0.0020664557855425516,\n",
       "  0.06868696742618548,\n",
       "  -0.0020773918813028753,\n",
       "  0.06868600503096399,\n",
       "  0.00033748294006693175,\n",
       "  0.06730849933955178,\n",
       "  -0.002054086066616997,\n",
       "  0.06587426231715228,\n",
       "  -0.0020545093430835593,\n",
       "  0.06586655336710097,\n",
       "  -0.0020619353820420148,\n",
       "  0.06653567949665523,\n",
       "  -0.002061675822982202,\n",
       "  0.005376397591201372,\n",
       "  0.0680319559013235,\n",
       "  0.0015278898840869208,\n",
       "  0.06714474404686573,\n",
       "  0.002130059937476093,\n",
       "  0.06585801450999268,\n",
       "  0.06585374931728379,\n",
       "  0.055453319785733514,\n",
       "  0.001527690966552789,\n",
       "  -0.002060202340901166,\n",
       "  -0.0020613555688404725,\n",
       "  0.06933769340156909,\n",
       "  0.0018623623401346366,\n",
       "  0.06667236315601888,\n",
       "  0.002120173084378497,\n",
       "  0.06695442362318173,\n",
       "  0.001505081873098239,\n",
       "  0.06789226907785474,\n",
       "  0.0015168926106108123,\n",
       "  0.06932114552827347,\n",
       "  0.0015155216302863521,\n",
       "  0.06586642480712246,\n",
       "  -0.0020620245148058555,\n",
       "  -0.00617067666231985,\n",
       "  0.06163099003942352,\n",
       "  0.001520167015519,\n",
       "  0.06163091058319983,\n",
       "  0.0014938281046941075,\n",
       "  0.014180745764563327,\n",
       "  0.014190721634007083,\n",
       "  -0.006636478950206591,\n",
       "  0.01419203037841589,\n",
       "  0.06563127429974572,\n",
       "  0.0465710525954537,\n",
       "  0.05896192745822028,\n",
       "  -0.0007235273699769257,\n",
       "  0.04510365508242338,\n",
       "  0.04508696832937932],\n",
       " [0.0016516442105820022,\n",
       "  0.01571562182362107,\n",
       "  0.0013819491392878065,\n",
       "  0.016519529206092863,\n",
       "  0.0015233557971511833,\n",
       "  0.016520811932303623,\n",
       "  0.0028406249666156147,\n",
       "  0.016357135677266328,\n",
       "  0.0012809152496350332,\n",
       "  0.016489176077830472,\n",
       "  0.003630019474870457,\n",
       "  0.001010661440400137,\n",
       "  0.01624292157977065,\n",
       "  -0.0013205389862650338,\n",
       "  0.0008176491868865592,\n",
       "  0.00104577152461654,\n",
       "  0.0012767416574248232,\n",
       "  0.0015653953999132447,\n",
       "  -0.000917123923567936,\n",
       "  0.015864667213348192,\n",
       "  0.016350799515427443,\n",
       "  0.0028471027025456777,\n",
       "  0.01591801958732955,\n",
       "  0.015916238742136133,\n",
       "  0.003629231738993186,\n",
       "  0.0036309071800092606,\n",
       "  0.0015434840279029338,\n",
       "  0.015715529133048294,\n",
       "  0.0015431755433753286,\n",
       "  0.015713525035294676,\n",
       "  0.0015429800401094975,\n",
       "  0.016339230891922945,\n",
       "  0.0016512598450160664,\n",
       "  0.0157174037672075,\n",
       "  0.0017482192486936539,\n",
       "  0.015716812428192124,\n",
       "  0.0017498217864322064,\n",
       "  0.01571560720725169,\n",
       "  0.0017041209405012294,\n",
       "  0.01571582201688515,\n",
       "  0.005074087612641963,\n",
       "  0.0015098049118251492,\n",
       "  0.016521390355958933,\n",
       "  0.0013683088355324912,\n",
       "  0.01647155664419556,\n",
       "  0.0017515575501965313,\n",
       "  0.001751622734955622,\n",
       "  0.0020985486087717053,\n",
       "  0.01652136739228209,\n",
       "  0.015715968176909925,\n",
       "  0.015715736342505688,\n",
       "  0.0013337630420953033,\n",
       "  0.016489360679270048,\n",
       "  0.0013824722898479178,\n",
       "  0.01646979851712011,\n",
       "  0.0015969610846043824,\n",
       "  0.016516915604731175,\n",
       "  0.0013998393667333693,\n",
       "  0.016519657165220986,\n",
       "  0.0010121750404275844,\n",
       "  0.01651940160422109,\n",
       "  0.0017501257461329306,\n",
       "  0.01571560999676955,\n",
       "  -0.0012456435344558585,\n",
       "  0.001309455748880951,\n",
       "  0.01652002019278642,\n",
       "  0.0013094397108240098,\n",
       "  0.016515346795499732,\n",
       "  0.003629362128639928,\n",
       "  0.0036313790426423355,\n",
       "  0.002847095435013529,\n",
       "  0.00363164367769937,\n",
       "  0.0005709384648776714,\n",
       "  0.001287118953956465,\n",
       "  0.0008010828003210783,\n",
       "  0.01605722513927354,\n",
       "  0.0013412884070329366,\n",
       "  0.0013398062685682798],\n",
       " [0.03620352639950546,\n",
       "  0.0006018304441364503,\n",
       "  0.03558992574256869,\n",
       "  0.0028370007116103346,\n",
       "  0.03595513095317641,\n",
       "  0.0028406249666156147,\n",
       "  0.04199767915191618,\n",
       "  0.0022760221839883896,\n",
       "  0.03594838988255594,\n",
       "  0.0027583622978744533,\n",
       "  0.016380376000204533,\n",
       "  0.03807757745575717,\n",
       "  0.002662977688414067,\n",
       "  -0.0018909728182473933,\n",
       "  0.03554646948491119,\n",
       "  0.039658166485695985,\n",
       "  0.03668360224321289,\n",
       "  0.037522735258316134,\n",
       "  0.03160824714772739,\n",
       "  0.0011456911338081537,\n",
       "  0.0022389588793418768,\n",
       "  0.00030707333374936906,\n",
       "  0.001981315304003225,\n",
       "  0.0020351524883263235,\n",
       "  0.016379882850170606,\n",
       "  0.016380983412854436,\n",
       "  0.03591616729359065,\n",
       "  0.0005993069739933989,\n",
       "  0.03591574753387045,\n",
       "  0.0005936463852226323,\n",
       "  0.03591552358387361,\n",
       "  0.0022027590867546914,\n",
       "  0.03620086024906464,\n",
       "  0.0006070868982050331,\n",
       "  0.036466189887313996,\n",
       "  0.0006085079986945005,\n",
       "  0.03646414815668292,\n",
       "  0.0006061097922232193,\n",
       "  0.036342856205662834,\n",
       "  0.0006034869204341142,\n",
       "  0.004266171299688944,\n",
       "  0.03584642506836025,\n",
       "  0.0028431884229931934,\n",
       "  0.03596952895645126,\n",
       "  0.0027139398414542087,\n",
       "  0.036468719699240586,\n",
       "  0.036469189557411096,\n",
       "  0.03734942896992459,\n",
       "  0.0028430500310216945,\n",
       "  0.000606396004610121,\n",
       "  0.0006061511437541245,\n",
       "  0.03539637124250781,\n",
       "  0.0027588753166855003,\n",
       "  0.036014633398519846,\n",
       "  0.002708750719747338,\n",
       "  0.03612467253556609,\n",
       "  0.002837919124790592,\n",
       "  0.035608517788707474,\n",
       "  0.002837302575904377,\n",
       "  0.03480939653046395,\n",
       "  0.0028366285366949366,\n",
       "  0.036465053516900416,\n",
       "  0.0006059559649117344,\n",
       "  -0.002048850607529194,\n",
       "  0.0359616704188319,\n",
       "  0.0028391918392884964,\n",
       "  0.03596163882269422,\n",
       "  0.0028255661201811136,\n",
       "  0.016379966188760645,\n",
       "  0.01638129451362548,\n",
       "  0.00030705946972286297,\n",
       "  0.016381467543619996,\n",
       "  0.03506385839635157,\n",
       "  0.03669948672204737,\n",
       "  0.035442921272470056,\n",
       "  0.001399823610262918,\n",
       "  0.03683067926411178,\n",
       "  0.03682889606635592],\n",
       " [0.0006410866864954046,\n",
       "  0.022425393053817345,\n",
       "  0.0002581755926106892,\n",
       "  0.01635537433414458,\n",
       "  0.00045894355051196236,\n",
       "  0.016357135677266328,\n",
       "  0.0022760221839883896,\n",
       "  0.02333843552960564,\n",
       "  0.00011472911292693497,\n",
       "  0.016312313923492326,\n",
       "  0.003450259963312843,\n",
       "  -0.0002690038399934102,\n",
       "  0.02322583541027462,\n",
       "  -0.001874943769982977,\n",
       "  -0.0005430622198898693,\n",
       "  -0.00021915485880592765,\n",
       "  5.558914176637073e-05,\n",
       "  0.0004654161716003209,\n",
       "  -0.0030060972686194454,\n",
       "  0.015425610053100955,\n",
       "  0.023327789368054033,\n",
       "  0.0017159317921150413,\n",
       "  0.01544805827417199,\n",
       "  0.015445524989092027,\n",
       "  0.00344914148384466,\n",
       "  0.0034515204039639556,\n",
       "  0.0004875217853693287,\n",
       "  0.022431561621428793,\n",
       "  0.0004870837179638027,\n",
       "  0.02242892126669377,\n",
       "  0.0004868060822123305,\n",
       "  0.02331841593968118,\n",
       "  0.0006405418212684339,\n",
       "  0.022435036959238285,\n",
       "  0.0007782026784001375,\n",
       "  0.022435279673837658,\n",
       "  0.0007804779671953308,\n",
       "  0.022434330073303883,\n",
       "  0.0007155928504742325,\n",
       "  0.022435120572973845,\n",
       "  0.004867618530232176,\n",
       "  0.0003865418301430008,\n",
       "  0.016304825289000836,\n",
       "  0.00023880942607359956,\n",
       "  0.01628716052356535,\n",
       "  0.0007829423673361885,\n",
       "  0.0007830348951607428,\n",
       "  0.0012224344002234983,\n",
       "  0.01630478910902199,\n",
       "  0.02243630721849581,\n",
       "  0.022436124469921586,\n",
       "  0.0001897611839816072,\n",
       "  0.016312567244087105,\n",
       "  0.0002589178478913462,\n",
       "  0.016284731536053566,\n",
       "  0.0005634454799503727,\n",
       "  0.016351552324286013,\n",
       "  0.0002835737321020983,\n",
       "  0.016355546279171535,\n",
       "  -0.0002668348903675477,\n",
       "  0.01635519836777375,\n",
       "  0.000780909516735438,\n",
       "  0.022437116718997546,\n",
       "  -0.0017685958098469202,\n",
       "  0.00010206452323457312,\n",
       "  0.016302935803761735,\n",
       "  0.00010204175199690985,\n",
       "  0.01629649093534214,\n",
       "  0.003449326619515218,\n",
       "  0.003452190403655118,\n",
       "  0.0017159214734714108,\n",
       "  0.003452566164996682,\n",
       "  -0.000893338562378049,\n",
       "  7.0323221123535e-05,\n",
       "  -0.0005665830236168983,\n",
       "  0.02292816312035794,\n",
       "  0.00014723251134809932,\n",
       "  0.0001451280982636245],\n",
       " [0.06745339642109391,\n",
       "  -0.0025145276488475273,\n",
       "  0.07007650378198822,\n",
       "  0.001273158919637064,\n",
       "  0.0687691049713671,\n",
       "  0.0012809152496350332,\n",
       "  0.03594838988255594,\n",
       "  0.00011472911292693497,\n",
       "  0.07184371813145421,\n",
       "  0.0017344183039777028,\n",
       "  0.014082417125581214,\n",
       "  0.062165543510404306,\n",
       "  0.00011000352828118686,\n",
       "  -0.007162545400604073,\n",
       "  0.05898114296035387,\n",
       "  0.06048250386573165,\n",
       "  0.046682922948472726,\n",
       "  0.03862802310056333,\n",
       "  0.06233584764969928,\n",
       "  -0.001275678329694741,\n",
       "  5.785980630814478e-05,\n",
       "  -0.0077262528175008,\n",
       "  -0.0019546917508386783,\n",
       "  -0.0019475877025781623,\n",
       "  0.014078143996559942,\n",
       "  0.014087231812593694,\n",
       "  0.06884031693897888,\n",
       "  -0.002517314593205408,\n",
       "  0.0688386076724651,\n",
       "  -0.002529219871638346,\n",
       "  0.06883754905971359,\n",
       "  -1.5585495502656986e-05,\n",
       "  0.06747532723242096,\n",
       "  -0.0025040557615638795,\n",
       "  0.06602093950353172,\n",
       "  -0.002504788688363779,\n",
       "  0.06600602845107102,\n",
       "  -0.002512772095183769,\n",
       "  0.06668582693303564,\n",
       "  -0.0025124285286597867,\n",
       "  0.005298509388655614,\n",
       "  0.06912415745883402,\n",
       "  0.00128588458686079,\n",
       "  0.0689351869561641,\n",
       "  0.002087622535603635,\n",
       "  0.06597729257039389,\n",
       "  0.06597286033815748,\n",
       "  0.056577243512944145,\n",
       "  0.0012856745577437864,\n",
       "  -0.0025108732046111616,\n",
       "  -0.0025121365922075945,\n",
       "  0.07103994524642558,\n",
       "  0.0017355235635769972,\n",
       "  0.06828979395996208,\n",
       "  0.0020768630762671024,\n",
       "  0.06705600062210933,\n",
       "  0.0012608487521838796,\n",
       "  0.06967291196446002,\n",
       "  0.0012738749646866575,\n",
       "  0.07030055826413369,\n",
       "  0.0012723759672915492,\n",
       "  0.06600016761278327,\n",
       "  -0.002512869233692799,\n",
       "  -0.006758743339850053,\n",
       "  0.062179212185059285,\n",
       "  0.001277477295391596,\n",
       "  0.06217912519179682,\n",
       "  0.0012488040398817898,\n",
       "  0.014078851287815343,\n",
       "  0.01408979102654952,\n",
       "  -0.007726292260202976,\n",
       "  0.014091226229790919,\n",
       "  0.06726508517593552,\n",
       "  0.046815648591286486,\n",
       "  0.059308310708283164,\n",
       "  -0.0010856090978267326,\n",
       "  0.04534376338171437,\n",
       "  0.04531972923511402],\n",
       " [0.001910733351181166,\n",
       "  0.01565988426501345,\n",
       "  0.0017064127092775445,\n",
       "  0.01648804795313843,\n",
       "  0.0018613490384427472,\n",
       "  0.016489176077830472,\n",
       "  0.0027583622978744533,\n",
       "  0.016312313923492326,\n",
       "  0.0017344183039777028,\n",
       "  0.016474808459653902,\n",
       "  0.0035938174720774154,\n",
       "  0.0012518183366395143,\n",
       "  0.016190202291089115,\n",
       "  -0.0013976617833903078,\n",
       "  0.0010084603021067806,\n",
       "  0.0012216249717924997,\n",
       "  0.0013725422141510164,\n",
       "  0.0015609613649450525,\n",
       "  -0.0006874743518575729,\n",
       "  0.015825124761290946,\n",
       "  0.016307323143036807,\n",
       "  0.002711277716672457,\n",
       "  0.01585160710097037,\n",
       "  0.015849722468527203,\n",
       "  0.0035929836518213986,\n",
       "  0.003594757180730511,\n",
       "  0.001816739943034133,\n",
       "  0.015659824690794265,\n",
       "  0.0018164137641212541,\n",
       "  0.015657965846119063,\n",
       "  0.0018162065736094858,\n",
       "  0.01629721868996758,\n",
       "  0.0019111181684939183,\n",
       "  0.01566148687707565,\n",
       "  0.001990254540947955,\n",
       "  0.015660854415129172,\n",
       "  0.00199145687894708,\n",
       "  0.015659576274904677,\n",
       "  0.001951587231822267,\n",
       "  0.01566000956029475,\n",
       "  0.0050784043333479915,\n",
       "  0.0018537818925996362,\n",
       "  0.016489922103435913,\n",
       "  0.001734634671261403,\n",
       "  0.016468866679845696,\n",
       "  0.001991936607680468,\n",
       "  0.0019919599624587635,\n",
       "  0.0023272298717292215,\n",
       "  0.01648990413227971,\n",
       "  0.015659957798814357,\n",
       "  0.015659712191934204,\n",
       "  0.0017152364443584072,\n",
       "  0.016474972063427903,\n",
       "  0.0017395822065882872,\n",
       "  0.016467314454027673,\n",
       "  0.0018604128133400749,\n",
       "  0.016484795234424324,\n",
       "  0.001776035415965579,\n",
       "  0.016488162309384886,\n",
       "  0.001356904570795452,\n",
       "  0.016487936067431732,\n",
       "  0.0019914222431885137,\n",
       "  0.01565957779445379,\n",
       "  -0.001318387237870117,\n",
       "  0.0015567724637074874,\n",
       "  0.016488720724727984,\n",
       "  0.001556755488964532,\n",
       "  0.016484622353893384,\n",
       "  0.003593121668451775,\n",
       "  0.0035952567249396402,\n",
       "  0.0027112700246630754,\n",
       "  0.0035955369068034907,\n",
       "  0.0009168085759983456,\n",
       "  0.0013823526098620644,\n",
       "  0.001011596723072141,\n",
       "  0.01606153500610858,\n",
       "  0.0014228524333353124,\n",
       "  0.0014207690906779728],\n",
       " [0.01430736723563704,\n",
       "  0.0027009649508069286,\n",
       "  0.014022908630700671,\n",
       "  0.0036284907020291027,\n",
       "  0.014183997968063716,\n",
       "  0.003630019474870457,\n",
       "  0.016380376000204533,\n",
       "  0.003450259963312843,\n",
       "  0.014082417125581214,\n",
       "  0.0035938174720774154,\n",
       "  0.016758733052408045,\n",
       "  0.014366977608104566,\n",
       "  0.004032684299178327,\n",
       "  -0.0014449050592348603,\n",
       "  0.013433987564540036,\n",
       "  0.014824981622482532,\n",
       "  0.013940584320330789,\n",
       "  0.014287604047568273,\n",
       "  0.011460733060595986,\n",
       "  0.002882465685463358,\n",
       "  0.003423219929776007,\n",
       "  0.0025359469443439844,\n",
       "  0.00297703509249472,\n",
       "  0.0029917445889121367,\n",
       "  0.01675789534129928,\n",
       "  0.0167596789000445,\n",
       "  0.014181965392197925,\n",
       "  0.00269864861539935,\n",
       "  0.014181628848765379,\n",
       "  0.0026961546586519417,\n",
       "  0.014181417243102267,\n",
       "  0.003405944800260503,\n",
       "  0.014306861696937113,\n",
       "  0.002703222339745265,\n",
       "  0.014420492475973271,\n",
       "  0.0027054602004737095,\n",
       "  0.014420602907671972,\n",
       "  0.0027025270104985796,\n",
       "  0.014368412319944799,\n",
       "  0.002702496933642133,\n",
       "  0.005003015685789486,\n",
       "  0.014148645860416257,\n",
       "  0.003630775456106878,\n",
       "  0.01412447270494094,\n",
       "  0.003574153784734455,\n",
       "  0.014422583926774668,\n",
       "  0.01442266994214397,\n",
       "  0.014814319226282322,\n",
       "  0.0036306734452980194,\n",
       "  0.0027029123358735495,\n",
       "  0.0027026620768382855,\n",
       "  0.013948496377629868,\n",
       "  0.0035940297761328103,\n",
       "  0.014140940520806828,\n",
       "  0.0035718773376890445,\n",
       "  0.014247581740086964,\n",
       "  0.0036261479498431756,\n",
       "  0.014021462757854009,\n",
       "  0.0036285827565191767,\n",
       "  0.013589132393393858,\n",
       "  0.0036283266304599883,\n",
       "  0.014420953880070978,\n",
       "  0.002702522858737672,\n",
       "  -0.0013732811626042966,\n",
       "  0.013940739860787867,\n",
       "  0.0036290136589323166,\n",
       "  0.013940721982266927,\n",
       "  0.0036230051885504286,\n",
       "  0.01675803406519434,\n",
       "  0.016760181211481873,\n",
       "  0.0025359388576036367,\n",
       "  0.01676046285277189,\n",
       "  0.013159344304141842,\n",
       "  0.013951976122820916,\n",
       "  0.013398216456929074,\n",
       "  0.0030553722037801726,\n",
       "  0.014010945949869525,\n",
       "  0.014009338004402861],\n",
       " [0.06072603253596544,\n",
       "  -0.0035111857309663187,\n",
       "  0.06139430643097088,\n",
       "  0.0010021700344959492,\n",
       "  0.06089101660311686,\n",
       "  0.001010661440400137,\n",
       "  0.03807757745575717,\n",
       "  -0.0002690038399934102,\n",
       "  0.062165543510404306,\n",
       "  0.0012518183366395143,\n",
       "  0.014366977608104566,\n",
       "  0.06850722791281447,\n",
       "  -0.00033219945677543555,\n",
       "  0.005889688233034294,\n",
       "  0.07247755769529192,\n",
       "  0.06913034124117157,\n",
       "  0.06199659082944976,\n",
       "  0.05585075802633126,\n",
       "  0.07247140880815686,\n",
       "  -0.0022166739206772807,\n",
       "  -0.0003293421506712547,\n",
       "  0.005140406779180823,\n",
       "  0.005306118152669658,\n",
       "  0.005338272034489294,\n",
       "  0.014368690250243482,\n",
       "  0.014364535908875058,\n",
       "  0.06138893639239414,\n",
       "  -0.0035140321968506905,\n",
       "  0.061389947450153914,\n",
       "  -0.003527040354117861,\n",
       "  0.06139136435417109,\n",
       "  -0.00040927983178541336,\n",
       "  0.06072460643774372,\n",
       "  -0.003498356323895878,\n",
       "  0.05992873968658442,\n",
       "  -0.0034985266744155153,\n",
       "  0.0599166017235561,\n",
       "  -0.0034962984644949834,\n",
       "  0.060254744380969325,\n",
       "  -0.0035090048873900334,\n",
       "  0.004465890561752628,\n",
       "  0.06108326223301113,\n",
       "  0.001016104303030986,\n",
       "  0.05993824501919176,\n",
       "  0.0014564612686455653,\n",
       "  0.05991341216737819,\n",
       "  0.059913228421721275,\n",
       "  0.05100021204738987,\n",
       "  0.001015881368678308,\n",
       "  -0.003497102890526512,\n",
       "  -0.003496810537758236,\n",
       "  0.0614898040707371,\n",
       "  0.0012530284962232194,\n",
       "  0.059672213983338884,\n",
       "  0.0014444488372198304,\n",
       "  0.061043954469518096,\n",
       "  0.0010237427100570284,\n",
       "  0.061561296287295515,\n",
       "  0.0010029589398565348,\n",
       "  0.06273115307046455,\n",
       "  0.0010013147838002535,\n",
       "  0.059917140451868973,\n",
       "  -0.003496878031952705,\n",
       "  0.0037130873321668213,\n",
       "  0.06413979622101801,\n",
       "  0.0010069196769897624,\n",
       "  0.06413985219093486,\n",
       "  0.0009756196667547581,\n",
       "  0.014368384358122342,\n",
       "  0.014363350418437023,\n",
       "  0.0051404140426331065,\n",
       "  0.014362690091452857,\n",
       "  0.06523345717036298,\n",
       "  0.061720383454269015,\n",
       "  0.07243964732649745,\n",
       "  -0.0018313814316896094,\n",
       "  0.06042498391755082,\n",
       "  0.06043038295260756],\n",
       " [0.0007290302368630771,\n",
       "  0.022081684070422252,\n",
       "  0.0002787402025904899,\n",
       "  0.01624096589539129,\n",
       "  0.0005148490388143526,\n",
       "  0.01624292157977065,\n",
       "  0.002662977688414067,\n",
       "  0.02322583541027462,\n",
       "  0.00011000352828118686,\n",
       "  0.016190202291089115,\n",
       "  0.004032684299178327,\n",
       "  -0.00033219945677543555,\n",
       "  0.025797620354030302,\n",
       "  -0.0021877183771336598,\n",
       "  -0.0006476099033439508,\n",
       "  -0.0002735622173740295,\n",
       "  6.612020738384363e-05,\n",
       "  0.0005484747256933061,\n",
       "  -0.0035382311706406698,\n",
       "  0.01514751659027477,\n",
       "  0.023140932915581544,\n",
       "  0.0010565645680434073,\n",
       "  0.01519216369872102,\n",
       "  0.015188874888820253,\n",
       "  0.004031382474931589,\n",
       "  0.004034150003914377,\n",
       "  0.0005484312594840082,\n",
       "  0.022079489803369465,\n",
       "  0.0005479204382828234,\n",
       "  0.022075981010494163,\n",
       "  0.0005475972759344153,\n",
       "  0.02311665196413652,\n",
       "  0.000728366934631559,\n",
       "  0.02209215210665142,\n",
       "  0.0008903120310573571,\n",
       "  0.022103307545535793,\n",
       "  0.00089298598375818,\n",
       "  0.02209579960752813,\n",
       "  0.000816642626484499,\n",
       "  0.022096316174478357,\n",
       "  0.004740006628849631,\n",
       "  0.00043912987616422235,\n",
       "  0.016191179284948093,\n",
       "  0.00025593266737218855,\n",
       "  0.016161206726421025,\n",
       "  0.0008958864749443555,\n",
       "  0.0008959983630211673,\n",
       "  0.0014221714736579814,\n",
       "  0.016190858908067634,\n",
       "  0.022097854858976283,\n",
       "  0.022097618913514517,\n",
       "  0.00019828982193385487,\n",
       "  0.01619045645370019,\n",
       "  0.00027967132981782924,\n",
       "  0.016157816411698726,\n",
